1
-274944623497
12145678
12145678
12145678
12145678
12145678
12145678
12145678
12145678
12145678
12145678
12145678
12145678
12145678
12145678
12145678
12145678
12145677
12145678
-12145549
12145678
12145678
12145678
12145678
12145678
12145678
12145678
12145678
12145678
12145678
12145678
12145678
12145678
12145678
1214566678
12145678
12145678
12145678
12145678󠁋
12145678
12145678
12145678
12145678
12145678
12145678
12145678
12145678
12145678
12145678
12145678
12145678
12145678
12145678
12145678
12145678
12145678
12145678
12145678
12145678
12145678
12145678
12145678
12145678
12145678
12145678
12145678
1214567󠀿8
12145678
