340282366920938463463374607427627857554
4140353903
4140353903
0
4140353903
4140353903
4140353903
4140353903
4140353903
41403539463374607427627857554
4140353903
4140353903
0
4140353903
4140353903
4140353903
4140353903
4140353903
41403539463374607427627857554
4140353903
4140353903
0
4140353903
4140353903
4140353903
4140353903
4140353903
41403539463374607427627857554
4140353903
4140353903
0
4140353903
4140353903
4140353903
4140353903
4140353903
41403539463374607427627857554
4140353903
4140353903
0
4140353903
4140353903
4140353903
4140353903
4140353903
4140353903
32768
1701411834604691-62933184
